8.450000000000000000e+06 1.938614545458914845e-22
8.451010101010100916e+06 1.432160885327687097e-21
8.452020202020201832e+06 1.015705146083720956e-20
8.453030303030302748e+06 6.915426990320635541e-20
8.454040404040403664e+06 4.520077192811426082e-19
8.455050505050504580e+06 2.836274144360870483e-18
8.456060606060605496e+06 1.708543590121255213e-17
8.457070707070706412e+06 9.880511413996460198e-17
8.458080808080809191e+06 5.485399823187912924e-16
8.459090909090908244e+06 2.923564336314058197e-15
8.460101010101011023e+06 1.495865431014917461e-14
8.461111111111110076e+06 7.347640504730960728e-14
8.462121212121212855e+06 3.464804833169751402e-13
8.463131313131313771e+06 1.568502288611056780e-12
8.464141414141414687e+06 6.816587912876366920e-12
8.465151515151515603e+06 2.843966175214546519e-11
8.466161616161616519e+06 1.139088104890136770e-10
8.467171717171717435e+06 4.379915277298803011e-10
8.468181818181818351e+06 1.616775078505938806e-09
8.469191919191919267e+06 5.729398180644270552e-09
8.470202020202020183e+06 1.949143925053973289e-08
8.471212121212121099e+06 6.365819419725816000e-08
8.472222222222222015e+06 1.995906645050522381e-07
8.473232323232322931e+06 6.007608687510853559e-07
8.474242424242423847e+06 1.735955357309166106e-06
8.475252525252524763e+06 4.815606272808124478e-06
8.476262626262625679e+06 1.282445428483854013e-05
8.477272727272726595e+06 3.278704821194722779e-05
8.478282828282827511e+06 8.047134274943677909e-05
8.479292929292930290e+06 1.896075733524113678e-04
8.480303030303029343e+06 4.288896987294867655e-04
8.481313131313132122e+06 9.313460001705485764e-04
8.482323232323231176e+06 1.941565272535323216e-03
8.483333333333333954e+06 3.885692601286797748e-03
8.484343434343434870e+06 7.465525592401032508e-03
8.485353535353535786e+06 1.376980658369854511e-02
8.486363636363636702e+06 2.438208240226224371e-02
8.487373737373737618e+06 4.144663271834665708e-02
8.488383838383838534e+06 6.763682514416195779e-02
8.489393939393939450e+06 1.059626175879521820e-01
8.490404040404040366e+06 1.593667241861635164e-01
8.491414141414141282e+06 2.301007936315576097e-01
8.492424242424242198e+06 3.189437459666870645e-01
8.493434343434343114e+06 4.244099606712507522e-01
8.494444444444444031e+06 5.421663366892924829e-01
8.495454545454544947e+06 6.648980088474477634e-01
8.496464646464645863e+06 7.828039698350945930e-01
8.497474747474746779e+06 8.847620978743510056e-01
8.498484848484849557e+06 9.600094392425583267e-01
8.499494949494948611e+06 1.000000000000000000e+00
8.500505050505051389e+06 1.000000000000000000e+00
8.501515151515150443e+06 9.600094392425583267e-01
8.502525252525253221e+06 8.847620978743510056e-01
8.503535353535354137e+06 7.828039698350945930e-01
8.504545454545455053e+06 6.648980088474477634e-01
8.505555555555555969e+06 5.421663366892924829e-01
8.506565656565656886e+06 4.244099606712507522e-01
8.507575757575757802e+06 3.189437459666870645e-01
8.508585858585858718e+06 2.301007936315576097e-01
8.509595959595959634e+06 1.593667241861635164e-01
8.510606060606060550e+06 1.059626175879521820e-01
8.511616161616161466e+06 6.763682514416195779e-02
8.512626262626262382e+06 4.144663271834665708e-02
8.513636363636363298e+06 2.438208240226224371e-02
8.514646464646464214e+06 1.376980658369854511e-02
8.515656565656565130e+06 7.465525592401032508e-03
8.516666666666666046e+06 3.885692601286797748e-03
8.517676767676768824e+06 1.941565272535323216e-03
8.518686868686867878e+06 9.313460001705485764e-04
8.519696969696970657e+06 4.288896987294867655e-04
8.520707070707069710e+06 1.896075733524113678e-04
8.521717171717172489e+06 8.047134274943677909e-05
8.522727272727273405e+06 3.278704821194722779e-05
8.523737373737374321e+06 1.282445428483854013e-05
8.524747474747475237e+06 4.815606272808124478e-06
8.525757575757576153e+06 1.735955357309166106e-06
8.526767676767677069e+06 6.007608687510853559e-07
8.527777777777777985e+06 1.995906645050522381e-07
8.528787878787878901e+06 6.365819419725816000e-08
8.529797979797979817e+06 1.949143925056618282e-08
8.530808080808080733e+06 5.729398180644270552e-09
8.531818181818181649e+06 1.616775078505938806e-09
8.532828282828282565e+06 4.379915277298803011e-10
8.533838383838383481e+06 1.139088104890136770e-10
8.534848484848484397e+06 2.843966175214546519e-11
8.535858585858585313e+06 6.816587912876366920e-12
8.536868686868686229e+06 1.568502288611056780e-12
8.537878787878787145e+06 3.464804833169751402e-13
8.538888888888889924e+06 7.347640504730960728e-14
8.539898989898988977e+06 1.495865431014917461e-14
8.540909090909091756e+06 2.923564336314058197e-15
8.541919191919190809e+06 5.485399823187912924e-16
8.542929292929293588e+06 9.880511413996460198e-17
8.543939393939394504e+06 1.708543590121255213e-17
8.544949494949495420e+06 2.836274144360870483e-18
8.545959595959596336e+06 4.520077192811426082e-19
8.546969696969697252e+06 6.915426990320635541e-20
8.547979797979798168e+06 1.015705146083720956e-20
8.548989898989899084e+06 1.432160885327687097e-21
8.550000000000000000e+06 1.938614545458914845e-22
