1.095000000000000000e+07 1.938614545458914845e-22
1.095101010101010092e+07 1.432160885330872405e-21
1.095202020202020183e+07 1.015705146081505384e-20
1.095303030303030275e+07 6.915426990320635541e-20
1.095404040404040366e+07 4.520077192811426082e-19
1.095505050505050644e+07 2.836274144366674080e-18
1.095606060606060550e+07 1.708543590117844006e-17
1.095707070707070641e+07 9.880511413996460198e-17
1.095808080808080919e+07 5.485399823187912924e-16
1.095909090909091011e+07 2.923564336319500942e-15
1.096010101010100916e+07 1.495865431012201570e-14
1.096111111111111008e+07 7.347640504730960728e-14
1.096212121212121285e+07 3.464804833169751402e-13
1.096313131313131377e+07 1.568502288613681503e-12
1.096414141414141282e+07 6.816587912865251681e-12
1.096515151515151560e+07 2.843966175214546519e-11
1.096616161616161652e+07 1.139088104890136770e-10
1.096717171717171744e+07 4.379915277305338772e-10
1.096818181818181835e+07 1.616775078503600987e-09
1.096919191919191927e+07 5.729398180644270552e-09
1.097020202020202018e+07 1.949143925056618282e-08
1.097121212121211924e+07 6.365819419717471402e-08
1.097222222222222202e+07 1.995906645050522381e-07
1.097323232323232293e+07 6.007608687510853559e-07
1.097424242424242571e+07 1.735955357311198138e-06
1.097525252525252476e+07 4.815606272802710244e-06
1.097626262626262568e+07 1.282445428483854013e-05
1.097727272727272660e+07 3.278704821194722779e-05
1.097828282828282937e+07 8.047134274951626466e-05
1.097929292929292843e+07 1.896075733522328540e-04
1.098030303030302934e+07 4.288896987294867655e-04
1.098131313131313212e+07 9.313460001705485764e-04
1.098232323232323304e+07 1.941565272536884034e-03
1.098333333333333209e+07 3.885692601283854356e-03
1.098434343434343487e+07 7.465525592401032508e-03
1.098535353535353579e+07 1.376980658369854511e-02
1.098636363636363670e+07 2.438208240227736703e-02
1.098737373737373762e+07 4.144663271832284973e-02
1.098838383838383853e+07 6.763682514416195779e-02
1.098939393939393945e+07 1.059626175879521820e-01
1.099040404040403850e+07 1.593667241860939887e-01
1.099141414141414128e+07 2.301007936315576097e-01
1.099242424242424220e+07 3.189437459666870645e-01
1.099343434343434498e+07 4.244099606713774842e-01
1.099444444444444403e+07 5.421663366891555924e-01
1.099545454545454495e+07 6.648980088474477634e-01
1.099646464646464586e+07 7.828039698350945930e-01
1.099747474747474864e+07 8.847620978744527021e-01
1.099848484848484769e+07 9.600094392424922685e-01
1.099949494949494861e+07 1.000000000000000000e+00
1.100050505050505139e+07 1.000000000000000000e+00
1.100151515151515231e+07 9.600094392424922685e-01
1.100252525252525136e+07 8.847620978744527021e-01
1.100353535353535414e+07 7.828039698350945930e-01
1.100454545454545505e+07 6.648980088474477634e-01
1.100555555555555597e+07 5.421663366891555924e-01
1.100656565656565502e+07 4.244099606713774842e-01
1.100757575757575780e+07 3.189437459666870645e-01
1.100858585858585872e+07 2.301007936315576097e-01
1.100959595959596150e+07 1.593667241860939887e-01
1.101060606060606055e+07 1.059626175879521820e-01
1.101161616161616147e+07 6.763682514416195779e-02
1.101262626262626238e+07 4.144663271832284973e-02
1.101363636363636330e+07 2.438208240227736703e-02
1.101464646464646421e+07 1.376980658369854511e-02
1.101565656565656513e+07 7.465525592401032508e-03
1.101666666666666791e+07 3.885692601283854356e-03
1.101767676767676696e+07 1.941565272536884034e-03
1.101868686868686788e+07 9.313460001705485764e-04
1.101969696969697066e+07 4.288896987294867655e-04
1.102070707070707157e+07 1.896075733522328540e-04
1.102171717171717063e+07 8.047134274951626466e-05
1.102272727272727340e+07 3.278704821194722779e-05
1.102373737373737432e+07 1.282445428483854013e-05
1.102474747474747524e+07 4.815606272802710244e-06
1.102575757575757429e+07 1.735955357311198138e-06
1.102676767676767707e+07 6.007608687510853559e-07
1.102777777777777798e+07 1.995906645050522381e-07
1.102878787878788076e+07 6.365819419717471402e-08
1.102979797979797982e+07 1.949143925056618282e-08
1.103080808080808073e+07 5.729398180644270552e-09
1.103181818181818165e+07 1.616775078503600987e-09
1.103282828282828256e+07 4.379915277305338772e-10
1.103383838383838348e+07 1.139088104890136770e-10
1.103484848484848440e+07 2.843966175214546519e-11
1.103585858585858718e+07 6.816587912865251681e-12
1.103686868686868623e+07 1.568502288613681503e-12
1.103787878787878715e+07 3.464804833169751402e-13
1.103888888888888992e+07 7.347640504730960728e-14
1.103989898989899084e+07 1.495865431012201570e-14
1.104090909090908989e+07 2.923564336319500942e-15
1.104191919191919081e+07 5.485399823187912924e-16
1.104292929292929359e+07 9.880511413996460198e-17
1.104393939393939450e+07 1.708543590117844006e-17
1.104494949494949356e+07 2.836274144366674080e-18
1.104595959595959634e+07 4.520077192811426082e-19
1.104696969696969725e+07 6.915426990320635541e-20
1.104797979797979817e+07 1.015705146081505384e-20
1.104898989898989908e+07 1.432160885330872405e-21
1.105000000000000000e+07 1.938614545458914845e-22
