1.245000000000000000e+07 1.938614545458914845e-22
1.245101010101010092e+07 1.432160885330872405e-21
1.245202020202020183e+07 1.015705146081505384e-20
1.245303030303030275e+07 6.915426990320635541e-20
1.245404040404040366e+07 4.520077192811426082e-19
1.245505050505050644e+07 2.836274144366674080e-18
1.245606060606060550e+07 1.708543590117844006e-17
1.245707070707070641e+07 9.880511413996460198e-17
1.245808080808080919e+07 5.485399823187912924e-16
1.245909090909091011e+07 2.923564336319500942e-15
1.246010101010100916e+07 1.495865431012201570e-14
1.246111111111111008e+07 7.347640504730960728e-14
1.246212121212121285e+07 3.464804833169751402e-13
1.246313131313131377e+07 1.568502288613681503e-12
1.246414141414141282e+07 6.816587912865251681e-12
1.246515151515151560e+07 2.843966175214546519e-11
1.246616161616161652e+07 1.139088104890136770e-10
1.246717171717171744e+07 4.379915277305338772e-10
1.246818181818181835e+07 1.616775078503600987e-09
1.246919191919191927e+07 5.729398180644270552e-09
1.247020202020202018e+07 1.949143925056618282e-08
1.247121212121211924e+07 6.365819419717471402e-08
1.247222222222222202e+07 1.995906645050522381e-07
1.247323232323232293e+07 6.007608687510853559e-07
1.247424242424242571e+07 1.735955357311198138e-06
1.247525252525252476e+07 4.815606272802710244e-06
1.247626262626262568e+07 1.282445428483854013e-05
1.247727272727272660e+07 3.278704821194722779e-05
1.247828282828282937e+07 8.047134274951626466e-05
1.247929292929292843e+07 1.896075733522328540e-04
1.248030303030302934e+07 4.288896987294867655e-04
1.248131313131313212e+07 9.313460001705485764e-04
1.248232323232323304e+07 1.941565272536884034e-03
1.248333333333333209e+07 3.885692601283854356e-03
1.248434343434343487e+07 7.465525592401032508e-03
1.248535353535353579e+07 1.376980658369854511e-02
1.248636363636363670e+07 2.438208240227736703e-02
1.248737373737373762e+07 4.144663271832284973e-02
1.248838383838383853e+07 6.763682514416195779e-02
1.248939393939393945e+07 1.059626175879521820e-01
1.249040404040403850e+07 1.593667241860939887e-01
1.249141414141414128e+07 2.301007936315576097e-01
1.249242424242424220e+07 3.189437459666870645e-01
1.249343434343434498e+07 4.244099606713774842e-01
1.249444444444444403e+07 5.421663366891555924e-01
1.249545454545454495e+07 6.648980088474477634e-01
1.249646464646464586e+07 7.828039698350945930e-01
1.249747474747474864e+07 8.847620978744527021e-01
1.249848484848484769e+07 9.600094392424922685e-01
1.249949494949494861e+07 1.000000000000000000e+00
1.250050505050505139e+07 1.000000000000000000e+00
1.250151515151515231e+07 9.600094392424922685e-01
1.250252525252525136e+07 8.847620978744527021e-01
1.250353535353535414e+07 7.828039698350945930e-01
1.250454545454545505e+07 6.648980088474477634e-01
1.250555555555555597e+07 5.421663366891555924e-01
1.250656565656565502e+07 4.244099606713774842e-01
1.250757575757575780e+07 3.189437459666870645e-01
1.250858585858585872e+07 2.301007936315576097e-01
1.250959595959596150e+07 1.593667241860939887e-01
1.251060606060606055e+07 1.059626175879521820e-01
1.251161616161616147e+07 6.763682514416195779e-02
1.251262626262626238e+07 4.144663271832284973e-02
1.251363636363636330e+07 2.438208240227736703e-02
1.251464646464646421e+07 1.376980658369854511e-02
1.251565656565656513e+07 7.465525592401032508e-03
1.251666666666666791e+07 3.885692601283854356e-03
1.251767676767676696e+07 1.941565272536884034e-03
1.251868686868686788e+07 9.313460001705485764e-04
1.251969696969697066e+07 4.288896987294867655e-04
1.252070707070707157e+07 1.896075733522328540e-04
1.252171717171717063e+07 8.047134274951626466e-05
1.252272727272727340e+07 3.278704821194722779e-05
1.252373737373737432e+07 1.282445428483854013e-05
1.252474747474747524e+07 4.815606272802710244e-06
1.252575757575757429e+07 1.735955357311198138e-06
1.252676767676767707e+07 6.007608687510853559e-07
1.252777777777777798e+07 1.995906645050522381e-07
1.252878787878788076e+07 6.365819419717471402e-08
1.252979797979797982e+07 1.949143925056618282e-08
1.253080808080808073e+07 5.729398180644270552e-09
1.253181818181818165e+07 1.616775078503600987e-09
1.253282828282828256e+07 4.379915277305338772e-10
1.253383838383838348e+07 1.139088104890136770e-10
1.253484848484848440e+07 2.843966175214546519e-11
1.253585858585858718e+07 6.816587912865251681e-12
1.253686868686868623e+07 1.568502288613681503e-12
1.253787878787878715e+07 3.464804833169751402e-13
1.253888888888888992e+07 7.347640504730960728e-14
1.253989898989899084e+07 1.495865431012201570e-14
1.254090909090908989e+07 2.923564336319500942e-15
1.254191919191919081e+07 5.485399823187912924e-16
1.254292929292929359e+07 9.880511413996460198e-17
1.254393939393939450e+07 1.708543590117844006e-17
1.254494949494949356e+07 2.836274144366674080e-18
1.254595959595959634e+07 4.520077192811426082e-19
1.254696969696969725e+07 6.915426990320635541e-20
1.254797979797979817e+07 1.015705146081505384e-20
1.254898989898989908e+07 1.432160885330872405e-21
1.255000000000000000e+07 1.938614545458914845e-22
